7 12 350 10
1  1 2 1  0 0   0 0 0 1 1 10 0 0   0  0
2  1 6 3  3 0   0 0 0 0 0 0  0 0   0  0
3  1 7 1  0 500 0 0 0 0 0 0  2 0.5 7  1
4  2 3 0  0 300 0 0 0 0 0 0  0 0   0  0
5  3 4 0  0 0   1 3 1 0 0 0  0 0   0  0
6  4 5 1  5 200 0 0 0 0 0 0  0 0   0  0
7  5 6 0  2 0   0 0 0 0 0 0  0 0   0  0
8  4 7 0  3 0   0 0 0 0 0 0  1 0.1 12 2
9  4 6 5  1 0   0 0 0 0 0 0  0 0   0  0
10 6 7 0  0 0   0 0 0 1 2 10 0 0   0  0
11 3 6 10 0 0   0 0 0 0 0 0  0 0   0  0
12 2 6 0  3 0   0 0 0 0 0 0  0 0   0  0

1 строка: число узлов, число ветвей, частота, фаза

остальные строки:

Edge_ID (номер ветви) 
side1 (откуда ветвь)
side2 (куда ветвь) (направление ветви - из side1 в side2)
R(ом) 
L(м√н) 
C(мк‘) 
IISrc (1=есть ист. тока, 0=нет) 
IISPhase (фаза ист.тока) 
IISAmp (амплитуда ист.тока.) 
IUSrc (то же самое дл€ ист. напр.) 
IUSPhase 
IUSAmp 
DSrc  (зависимый источник. 0=нет, 1=ист. тока, 2=ист. напр.)
DSCoef (коэффициент короче)
DSEdge (ID ветви, от I/U которой зависит амплитуда)
DSIn   (амплитуда: 1=зависит от тока, 2=от напр€жени€)
